2517
2518
2520
2523
3528
3529
3530
3532
3533
2753
5047
5049
3668
3669
3679
4805
4811
4812
3009
3014
3065
3067
3070
5963
5964
5805
5808
5809
5912
6532
6534
6541
6542
6731
6732
6735
6583
6585
6757
7279
7280
5558
5559
5561
5564
5565
5566
5447
5449
5450
5452
5454
5457
5570
5572
6326
6329
7085
7093
7094
7095
6900
6903
6904
6905
7024
7026
7620
7623
7660
7661
7663
6279
6280
6282
2536
2538
2539
2540
2542
2543
3442
3445
2980
2981
3117
3118
4556
4559
4560
5066
3755
3759
3761
3763
4746
4747
4750
4756
2842
2843
3262
3263
3264
3270
5820
5821
5822
5825
5826
5827
5829
5831
5832
5833
5853
5858
5943
6623
6625
6718
6748
7796
5488
5490
5422
5370
5371
5177
8004
8005
8006
7051
7053
6985
6987
6988
7152
7157
6448
6449
6452
6454
6455
6457
7624
7625
7629
7632
7684
7686
7829
7833
7496
7500
7501
6167
3742
3743
2551
2558
2633
2634
2636
2637
2659
2660
2661
2569
2570
2599
6173
2403
3306
3307
3311
3398
3320
3326
3491
3492
3495
2806
2807
2990
2945
2950
2951
2952
2953
2876
3119
3120
4867
4872
4873
4875
4990
4991
4992
4993
4994
4997
5000
5001
3145
3147
4970
4973
3727
3733
3656
3658
3660
3661
3666
3651
3653
3654
3890
3894
3886
3888
3941
3792
3793
3798
4715
4716
4717
4718
4719
4720
4721
4730
3418
3419
3421
3423
3425
4840
4841
4957
4962
4846
4849
4851
4853
4854
4856
3838
3139
5890
5894
8058
8059
8060
8062
8063
8064
6816
6817
6818
6821
6822
6823
6824
6825
6763
6764
6767
6632
6865
6867
6869
6489
6770
6787
6788
6792
6687
6795
6796
6799
7310
7312
7314
7571
6393
6394
7601
7602
7603
7299
7303
7204
7206
7742
7218
7219
5349
5274
5277
5278
5279
5281
5283
5284
5285
5286
5287
5288
5291
5292
5293
5185
5342
5493
5495
5497
5499
5608
5297
5299
5300
5302
5304
5305
5306
6383
6385
6019
6021
6049
6053
6054
6055
7116
7119
7120
6917
6935
6967
6970
6937
6938
6939
6940
6943
6947
7097
7100
6433
6438
5649
5650
5654
5711
5714
5715
5716
5718
5725
5727
5728
5729
6364
6365
7772
7773
7774
7435
7436
7437
7439
7445
7556
7558
7559
7776
7777
7778
7476
7471
7854
7377
7378
7380
6222
6223
6224
6085
6086
6087
6089
6204
6205
6207
6208
6174
6175
6179
6092
6099
6162
7936
43370
43264
43268
43490
43492
43496
41895
41902
41585
41587
41645
41651
41652
41653
41339
41344
41444
41351
41352
41509
41379
41316
41318
41323
41325
44401
44404
44407
44409
44166
43745
43749
43364
43365
43683
43684
43426
42693
42694
43500
43503
43505
42703
42704
42705
42083
41764
41766
41903
41909
43825
43826
43827
43846
43850
44148
44151
44348
44351
44257
44600
44519
43688
43355
43580
43559
43561
43565
42767
42511
43541
43546
43497
43498
42019
41881
41583
41482
41367
42121
42122
41809
41817
42439
42212
42213
42214
42218
42103
42802
42804
42119
41612
41293
41294
41296
41370
41565
41566
41571
41449
41657
41751
41753
41755
41661
41667
41669
41671
42498
42793
42798
42715
42719
42721
42775
41694
43951
43954
43867
43870
43873
43874
43810
43971
43974
43843
43812
43818
43876
43882
44498
44502
44504
44505
43864
43982
43983
44216
44220
44222
42228
44595
44596
29156
30487
30488
30492
30493
30494
30473
30477
30149
30655
30285
30287
30292
30853
30856
30857
30860
30267
30252
30253
28205
30163
29042
29879
29881
28560
29185
29187
29293
29295
29297
24405
30889
30890
30891
30894
31021
28111
28113
28115
28116
28119
28209
28212
30678
28899
28901
28904
30557
30558
30560
30566
30604
30606
30607
30608
29305
29307
29310
29312
28931
28935
30614
28714
28745
29986
29991
29993
29994
29998
29999
29054
29056
29058
29929
28444
28445
28181
28183
29451
29456
29458
29459
29241
29245
24844
30763
30765
32111
30381
30382
30387
28235
28238
28240
28242
28243
29138
28530
30008
30009
30010
30182
30636
30637
30638
30640
30334
30770
30772
30773
30775
30778
30019
30830
29162
29164
29144
28795
28800
30431
30433
28134
28136
30748
30438
29193
29198
30551
29542
30781
30783
30784
30785
30787
30788
28543
28545
28547
30294
30300
30303
30306
30212
28615
28616
28617
29722
29730
29733
29735
29738
29739
29740
29742
29797
29757
29759
29761
28774
28776
29934
29936
29938
28971
28737
28739
30044
28582
28448
28591
28594
28596
28603
28179
28879
28859
30064
30067
29461
29466
30106
30107
30112
30092
30094
30096
29441
29442
29444
29445
29448
29474
29482
24377
24259
24262
30902
30906
30908
30910
30911
11202
9425
9429
9431
4407
4408
4409
4414
11017
4064
4067
4068
4073
4392
4395
4397
4398
10073
10076
10082
10085
10088
10089
10039
10044
10048
10050
10830
10833
10434
10435
10402
10403
10404
10406
10409
10902
10904
10905
10907
10909
11229
11232
9599
4479
4524
4583
4584
4585
4586
11115
11118
4036
4039
4040
4041
3985
3987
3988
3989
4340
4341
9811
9813
9814
9817
9820
9978
9980
10853
10854
10855
10860
10057
10295
9930
9934
9938
10166
10463
10467
10919
11270
11271
9616
9457
9458
9461
9548
9549
4417
4424
4459
4590
4591
4686
4692
4695
4509
4511
4513
4514
11169
11170
11138
11139
11061
11065
11067
4211
4214
4232
4234
4238
4241
4043
4046
4048
4158
4160
4161
4162
4163
4164
4167
4170
4174
4176
3991
3993
3994
3995
4117
4119
4120
4124
9699
9700
9717
9719
9720
9721
9722
9723
9726
9727
9856
9858
10090
10719
10720
10722
10723
10725
10726
10807
10812
10680
10681
10684
10688
10283
10284
10289
10252
10253
10310
10311
10313
10315
10870
10876
10878
10879
10881
10755
10758
10759
10760
10765
10768
10770
10771
10777
10778
10693
10694
10698
10700
10703
10322
10549
10551
10553
10554
10414
10989
10993
10994
46178
46179
46181
45999
45638
45643
45398
45088
46741
46415
46427
46987
46994
46995
46170
45974
45975
46109
45649
45334
45097
45244
45245
45246
45251
45252
45255
45259
46465
47020
47024
45929
45930
45756
45758
45759
45735
45739
45741
46065
46066
46067
45983
46243
45843
45844
46044
46045
46047
45573
45956
45826
45659
45663
46378
46335
46336
45337
45365
45406
45319
45300
45442
45443
45105
45108
45113
45116
44997
45150
45151
46742
46406
45276
45277
45490
46439
45523
45524
45128
46771
46653
46657
45068
46469
46474
45613
45617
46925
46926
46929
46932
46933
45879
45881
45918
45919
1716
1717
457
461
462
576
578
372
376
1091
1092
1379
838
840
842
1005
1895
59
60
1386
1388
474
478
480
481
1294
1295
1296
1301
971
1107
1114
1125
1240
1246
930
896
898
223
228
230
208
116
1697
1699
1735
1362
676
678
688
690
469
470
1312
1014
1015
1017
1018
348
1347
1348
581
584
586
587
591
392
396
400
809
810
811
812
813
1316
1263
1052
1054
1460
1461
1034
1035
1037
774
790
1202
1205
1206
1207
1209
1181
1013
832
1646
1649
1650
1652
1656
1658
1659
1661
1901
1803
1805
1806
88
90
244
245
260
36563
36564
36567
36569
36570
36573
36575
36577
36133
36152
36154
36161
36251
36263
36265
36266
36274
37728
37729
37733
37370
37678
37680
37681
36064
36067
36958
36961
36660
36664
36665
36606
36610
36390
36756
36763
37768
37769
37772
37773
37784
37618
37619
37415
37416
37418
37420
37423
37127
37424
37426
37705
37706
36167
36253
36205
36206
36310
36312
36989
36995
37164
37166
36550
36813
36816
36614
36623
37312
37315
37168
37174
36851
36852
37192
37603
37607
37608
36397
36221
36225
36228
36410
36294
36295
37631
37033
37034
37035
37036
37018
37022
37038
37040
37042
36871
11354
12081
12272
12273
12276
11772
13303
13174
13179
13180
12638
12640
12644
12647
12660
12663
12761
12765
11647
12277
12174
12176
12183
12184
12242
12244
12245
13228
13233
13234
13219
13220
13222
13224
13225
12926
12927
12930
11518
11521
13678
13498
13599
12777
11289
11323
11325
11652
12787
12680
12681
12247
12248
12249
12251
12252
12253
12114
12117
12094
11997
12235
12239
11883
11885
11888
11889
11749
11750
11753
13236
13240
13242
13245
13206
13211
13254
13256
13321
13323
13324
13325
13037
13038
13039
13042
13049
13050
13098
11559
11564
11500
11501
12982
12875
12878
12879
13054
13056
13057
13059
13060
11614
11616
11617
11481
11482
11484
11490
11506
12897
11413
11415
11416
11475
11477
13134
13135
13136
13365
13432
13454
13458
13278
11394
17870
17879
17883
16834
17354
16467
16468
17477
17481
16879
16880
16882
16887
17527
17626
16417
16422
16423
17293
17294
17298
16998
17003
17802
17803
17260
17264
17423
16534
16536
16503
17573
17576
17579
17581
16203
16206
16209
16211
17634
16358
16359
16360
16363
16192
16193
16195
17305
17307
17064
16811
16793
16797
16798
17208
16888
16965
16969
16971
16972
16974
16541
16543
16544
16545
16547
16550
16476
17780
17781
17782
16241
16657
17227
17229
17231
16283
16284
16285
16286
17689
16570
16572
16575
16576
16061
17484
17487
16170
16171
16172
16173
16174
17497
17498
17499
17500
17503
17722
17724
17725
17728
17733
17734
17735
17737
17743
16735
16144
16145
17385
17187
17188
17009
16723
16725
34165
34982
34983
34331
35038
34928
34346
34348
34708
34709
34807
35551
35552
35557
35566
34055
34059
34369
34373
35078
34313
34702
34706
34707
35486
35249
35603
35606
35228
34172
34176
34184
34185
34612
34620
34623
34629
34003
34005
34666
34667
34668
34986
34988
34989
35080
35081
35082
35085
35088
34379
34036
34524
34530
34399
34400
34401
34402
35768
35411
34728
34730
34733
35447
35448
35451
35452
35453
35835
35839
35850
35806
35807
35809
35573
35574
35392
35393
1511
1515
1501
2170
2171
2172
2270
2275
2252
2256
2257
2175
8507
8513
8497
8486
8517
8273
8275
8276
8412
8336
8337
8433
8438
8798
8811
8812
8762
8888
8919
8922
8923
8698
8702
8672
8674
12553
12499
12539
12311
11838
11840
12581
12585
12508
12511
13764
13773
13970
13971
13775
13713
13715
13796
13797
13798
13800
13877
13878
13881
13885
13886
13909
13913
13687
13928
13893
14618
14619
14609
14548
14551
14552
14658
14659
14660
14662
14665
14666
14667
14670
14654
14655
14985
14987
14989
16019
15033
15034
15037
14917
14891
15045
15050
15056
14936
14938
14939
14940
14942
18530
18747
18749
18502
18339
18340
18343
18448
18396
18398
18922
20677
18797
18890
19015
19017
18786
18792
18793
19832
20055
20059
20060
19918
19919
20589
20068
19973
20595
19205
19342
19344
19345
19765
19768
19771
19772
19631
19632
19144
19145
19306
19435
19436
19633
19635
19576
19577
19581
19201
19202
19552
19554
19474
19478
19480
19493
19494
19495
19497
19498
19500
19382
19385
19800
19751
19685
19687
19703
19815
24591
24592
22368
21830
21831
22064
22067
22055
21812
21813
21816
21817
21476
21477
21478
21479
22028
21414
21415
21418
21438
20857
20925
20865
20837
20841
32742
32772
32707
32708
32709
32710
32714
33602
33604
33607
33670
33673
38304
38310
38364
38422
38423
38424
38425
38427
38314
38371
38316
38481
38007
38106
37903
38144
38141
38142
24947
25347
25348
25349
25216
25193
25623
24928
24936
24937
24938
25370
25133
25137
25140
25110
24884
24885
25254
25255
24904
24906
25318
25238
25230
25232
25233
25036
25037
25040
25041
25052
25057
25058
25063
25094
22841
22846
22889
22778
22797
22800
22802
22805
22720
22721
22723
22724
22781
23319
23335
23339
23395
23287
23405
23410
23254
23262
23263
23413
23385
23390
23391
23418
23421
23265
23673
23790
23809
23726
23727
23843
23851
23687
24152
24157
24217
24218
24032
24033
24034
24056
24057
24102
24177
26539
26540
26563
26564
26515
26516
26518
26502
26531
26533
27414
27416
27420
27400
27476
27201
27202
27203
26698
26700
27265
27388
27389
27392
27407
27235
27293
27299
26727
32010
32031
31693
31698
31699
31700
31704
31138
31140
31594
31595
31600
31602
31603
31517
31519
31468
31370
31378
31524
31456
31564
31536
31537
31498
41027
41190
41191
41074
41076
41048
41137
39925
39929
39932
39933
40012
40020
39959
39762
39765
39768
39777
38670
38680
38769
38773
38845
38846
38850
38852
38759
38763
38766
38768
38963
38969
38867
38743
38747
38752
38989
38990
40234
40241
40416
40419
40117
40118
40366
40410
40412
40381
40221
40368
47103
47324
47326
47327
47328
47329
47209
47214
47219
47237
47238
47242
47305
47311
47314
47175
47183
42946
42947
43133
43137
43138
42900
42903
42906
42877
42956
42957
42958
42967
43094
43078
47726
47727
47731
47666
47670
47687
47693
48417
47660
47665
47419
47602
47580
47581
48413
48414
48018
48058
48173
48178
48180
48182
48259
48261
48263
48208
48210
48212
48161
48167
48169
48002
48073
48075
48140
48099
48100
48326
48333
48318
48320
48218
48221
2136
2118
2157
2159
2146
2147
2151
2481
2490
2327
2330
2331
8235
8210
8211
8212
8215
7917
8110
9138
9139
9059
9148
9299
9303
9306
9311
8924
8925
8972
8988
8990
9204
9215
9219
9221
9260
9225
9192
23177
13619
13606
13643
14367
14341
14342
14374
14386
14398
15322
15323
15317
15335
14277
14292
14308
14309
14563
14736
14728
15428
15430
15437
15703
15721
15727
15704
15708
16004
15907
15917
15561
15565
15450
15454
15569
15576
15577
15582
18275
18278
18294
18299
18326
18307
20508
20509
20561
20521
20271
20365
20366
20368
20370
20308
20314
20316
19073
19075
19053
19055
19080
20135
20136
20169
20170
20763
20764
18542
18547
18591
18729
18768
18770
18698
18706
18711
18713
18714
20233
20234
21780
21782
21673
21677
21678
21554
21555
21556
21559
17972
21629
21580
20968
20973
20951
21023
21076
21121
22191
22193
22195
22200
22209
22219
22220
33522
33528
33531
33534
33576
33559
33563
33567
33032
33008
33078
33092
32807
32809
32810
32813
32893
32889
32818
32821
33109
33112
33252
33255
33125
33126
33128
33887
33895
33901
33903
38538
38545
38550
38521
38526
35175
35180
35181
35182
35165
35184
35185
35188
35195
35204
25547
25576
25579
25582
25449
25453
25456
25535
25537
25538
25589
25594
25428
25437
25382
25393
25394
25886
25808
25810
25897
23904
23905
23129
23147
23112
23041
23044
23045
23049
23029
23036
23536
23540
23542
23548
23555
23556
23557
23559
23563
23568
23572
24798
24801
24778
24501
24486
24489
24490
24493
26420
30996
31032
31034
31031
26930
26768
26770
27059
27061
26831
26455
26456
26457
26458
27028
27031
27062
27064
27065
27066
26649
26652
26629
27777
27909
27913
32527
32533
32555
32598
32600
32604
32605
32509
32525
32381
32382
32359
32361
32421
26407
26408
26411
26376
26387
26389
26390
26392
26360
31822
31844
32269
28030
28031
28035
28037
28073
28076
28045
28057
39626
39628
39629
39630
39632
39594
39599
39602
39603
39660
39662
39668
39646
39650
39653
40063
40066
40068
40055
39673
39216
39218
39268
39240
39243
39245
39246
39247
39031
39059
39062
39064
39065
39071
40766
40771
40751
40734
40752
40753
40762
46503
46382
46385
46389
47161
47164
45679
45692
45694
46899
46773
46776
46777
47853
47878
47882
47923
47925
48480
48482
48483
48484
48499
48500
48475
48250
48252
48345
38583
38588
38575
38576
38577
38209
38213
38281
38215
38216
38219
38220
38223
38241
40808
40809
40813
40828
40829
40804
40844
40847
40707
46822
46824
46908
46910
44805
44808
46808
46811
44690
44693
44696
44724
44677
44678
44679
44684
44686
44688
44849
44851
2024
2061
1994
1995
1996
8280
8281
9375
9393
14021
15250
15267
15133
15156
18196
18600
18609
22678
22679
21989
21993
21977
22137
22139
22106
22111
33263
33266
32875
32881
33768
33748
33792
26056
26058
26042
25735
25837
23573
23629
23229
24666
24671
27140
27141
27614
27944
27945
27961
32454
32463
32466
32516
26319
26324
31953
32232
32200
32246
39377
39380
39278
40535
40561
40562
47407
47428
2526
2527
3338
3340
3341
3343
3345
3346
3347
3349
3233
3235
3237
3242
2984
3153
3156
3157
3158
3159
2964
2967
4760
3428
3430
3431
3432
2814
2815
2816
2817
2818
2820
2821
2825
2826
2889
2892
2893
2894
5952
5953
5835
5837
5972
5974
5898
5899
5902
5904
6648
6651
6652
6655
6714
6566
6567
6570
6571
6738
6741
6746
6573
6884
5468
5472
5473
5474
5307
5310
5311
5312
5313
5314
5315
5527
5528
5532
5534
7121
7122
7123
7125
7126
7129
7132
7134
7102
7104
7077
6972
7839
7841
6133
6135
7967
2684
2685
2686
2688
2584
2585
2591
3520
3522
3524
3212
3213
3216
3218
3220
2794
2796
3608
3612
3597
4220
4223
4733
4734
4736
4737
4739
4741
4933
4935
3097
3100
3101
3102
5788
5789
5790
5977
5978
7990
6591
6721
6725
7307
7308
5096
5098
5503
5426
5427
5428
5574
5581
5582
5587
6331
7135
7136
7139
7083
7019
7021
7419
7427
7636
6104
6105
6106
6109
9655
3744
3745
3746
2622
2625
2628
2605
2606
2609
2610
2611
2391
2395
2397
2678
2411
2417
2612
2615
2809
3542
3499
3501
3505
3509
3510
3511
3513
3543
3544
3548
3556
3557
3558
3559
3560
3561
2996
3001
3002
2769
2772
3006
3007
2776
2777
2778
2779
2780
2878
2879
3273
3275
3276
3277
3278
4928
4932
4899
4902
4903
4906
4907
4910
4912
4913
4914
3696
3698
3700
3701
3704
3705
5008
5014
3622
3625
3716
3719
3720
3354
3356
3359
3962
3966
3912
3913
3914
3943
3944
3945
3948
4530
4538
4539
4542
4544
4545
3330
3040
3403
3405
3863
3870
3871
3109
3111
3114
5908
5915
5916
5917
5918
8065
8067
8068
8071
8078
8083
8085
6801
6802
6775
6778
6658
6661
6707
7255
7257
7745
7746
6417
7228
7230
7231
7232
7235
7236
7237
7239
7266
7751
7752
7577
7579
5076
5610
5612
5325
5148
5149
5150
5154
5156
5378
5379
5591
5598
5603
5505
5506
5071
5624
5617
5104
5108
5118
5430
6336
6341
6303
6306
6307
6026
6027
6029
6031
6934
6887
6891
6950
7000
6948
7030
7040
5764
5765
5767
5768
5769
5747
5751
5656
5665
5682
5685
5687
5688
6345
7563
7564
7504
7505
7537
7539
7641
7646
7819
7693
7694
7696
7698
7487
7493
7590
7593
7594
7597
6271
6073
6075
6233
6234
6235
6236
6238
6101
6102
6197
6210
6211
6212
6217
43586
43587
43269
43271
43273
43281
43440
43445
43428
43432
41360
41361
41362
41363
41364
42012
42013
42014
42016
42148
42150
41330
41332
41335
41336
41695
41698
41700
41701
41704
42259
42809
42810
42812
42813
42071
42072
42073
42075
42078
42080
42293
42295
43956
43958
43959
44311
44317
44259
44262
44264
44265
44268
44228
44229
43345
43194
43195
43196
43637
43639
44462
44463
44466
42533
41622
41623
41625
41628
42126
42127
44740
41591
41592
41593
41594
41596
44745
41458
41460
41461
42818
42822
41574
42463
42466
42469
42472
42170
42172
42177
44083
44084
44085
44086
44087
44088
44090
44092
44094
44355
44356
44360
44361
44273
44321
44326
44329
43775
43601
43603
43604
43605
43781
43784
43789
43753
43756
43757
43252
43254
43257
43662
43358
43359
43410
43411
43412
42601
42602
42603
42604
42540
42544
42672
42677
42155
42157
42160
41517
41520
42161
42162
42165
42166
42629
42632
42277
41960
41475
44766
44769
44772
44775
41542
41543
41545
42776
42781
42620
42622
42623
42392
42394
42395
42396
42634
44778
42225
42223
42023
42123
42788
42823
41677
41680
41683
42429
42430
41578
41580
41487
41488
41491
41528
41529
41794
41798
41799
41845
41847
44456
44457
44458
41983
41986
41987
41988
41991
41992
44231
44235
44016
44017
44018
44336
44337
44339
43892
43897
44205
44207
44209
44398
43966
43967
44001
44002
44362
44365
43853
43857
43858
41854
42238
42240
42243
42245
42247
42248
42250
44523
30659
30666
30667
30670
29202
29638
29641
29642
29210
28619
28219
29264
28866
29648
29654
29656
28715
28867
28869
28870
29016
28665
28671
28278
28279
28380
28385
29342
24415
24420
24421
24423
24362
31015
29661
29662
29665
29667
29670
29671
30413
29362
28965
28966
29683
29684
29686
28473
28477
30576
30502
30504
30507
30508
30684
30686
30688
30689
29166
29168
29077
29078
29084
30791
30793
30795
30049
28951
28678
28680
29941
28660
28682
28684
29347
29356
29358
24322
24323
31005
28484
28485
30184
30185
30187
30188
28229
28231
30220
30222
28622
30336
30342
30343
28246
28253
30142
28628
28549
28270
28272
28418
28420
28156
30838
29556
29558
29560
29561
29563
30750
30751
30757
29564
29565
29570
29572
29573
29575
29607
28719
28721
29265
29266
28162
28165
28732
28690
28691
28692
28693
29850
29818
29853
29854
29815
29816
29817
30023
30025
28756
28757
28987
29952
29954
30134
30140
28347
28359
28361
28362
28107
28312
28314
28317
28320
28364
28885
29968
29969
29971
29972
29974
30118
30119
29411
29417
29485
24280
24281
24253
4432
4433
4483
4488
4489
4490
11074
11075
11076
11077
4400
4401
4403
4384
10889
10892
10202
10206
10209
10210
10417
10324
10325
10513
10514
9621
9560
4655
4656
11177
11182
11184
4244
4025
4079
4226
10242
10243
10104
10585
10589
10067
10069
9944
10836
10843
10423
10425
10523
10525
10529
10941
11275
11278
9475
9440
9441
9442
9505
9508
4660
4663
4665
4706
4707
4708
4676
4678
11021
11024
11030
11031
11036
11037
11040
4248
4190
4192
4193
4273
4275
4277
4280
4281
4370
4362
4378
4379
4380
4382
4103
9782
9784
9788
9867
9821
9824
9825
9830
9767
9769
10132
10653
10576
10578
10582
10623
10730
10731
10603
10607
10608
10296
10299
10150
10152
9949
10781
10782
10783
10784
10785
10019
9958
9961
9962
9963
10177
10180
10181
10533
10319
10321
10363
10372
10980
10983
10963
10970
46141
46144
46146
45764
45765
45766
46284
45344
45345
45410
45411
45414
45419
45019
45021
45024
46517
46519
46522
46524
46324
46331
47054
46224
46225
46228
46015
46017
46019
45619
45624
45169
45171
45261
46609
46541
46542
46543
46916
46917
45779
45829
45830
45831
46186
46190
46162
46163
46164
46166
45787
46197
46072
46025
45858
45800
45802
45805
45806
46051
46053
45869
45949
46269
46272
46273
46274
46341
46345
46315
46318
46321
45301
45325
45392
45393
45396
45354
45355
45357
45302
45306
45160
45161
45162
45010
45013
45017
45560
45031
45032
45033
45034
45226
45227
45229
46671
46673
46675
46676
46678
46679
46680
45138
45139
46566
46570
46746
46749
46750
46753
45284
45286
46572
46575
46660
46662
46663
46665
45076
46577
46579
46410
45062
45063
46546
46547
46549
46550
47029
47032
46355
45884
45886
631
634
707
708
593
595
955
1115
1117
1118
843
1633
1638
450
452
453
456
1021
1025
1283
433
1351
1353
417
752
753
1224
1228
1190
1139
1141
1145
1854
1855
1624
1760
1762
1764
1398
1374
1376
1377
506
674
702
644
721
723
726
731
959
960
963
547
548
1332
1334
1335
99
102
106
556
559
970
1258
1067
1073
436
388
611
614
598
799
800
802
803
1148
1151
1367
1370
1164
901
903
908
856
878
879
1902
1907
1939
1940
1941
1943
1815
1820
1827
163
232
235
237
37138
37142
37143
37144
37146
37397
37704
36095
36097
36100
36102
36106
36181
36164
36110
36111
36115
36791
36798
36803
37497
37499
37504
37505
36116
36117
36118
36654
36074
37710
37712
36583
36965
36966
36970
36671
36637
36645
36447
36449
37513
37514
37819
37823
37082
37797
37801
37571
37572
37320
37322
37462
37467
37434
37383
37384
37387
37388
37669
37719
36317
36321
36211
36212
37193
37195
37200
37201
36305
36306
36307
36823
36862
36863
36864
36865
36866
37260
36335
36338
36428
36249
36718
36720
37063
37091
37071
37074
37058
37060
11715
11716
12697
12701
12702
11792
11795
11796
11896
12870
13293
13543
13544
13548
14109
14113
11291
11293
11297
12841
12848
12006
12011
12143
12145
12147
12149
12151
12204
12207
12208
12227
12228
11756
11759
13262
13263
13267
13082
13083
11567
13373
13382
11399
11400
11401
11691
11303
11319
11300
11654
11656
11657
11658
11659
11699
12805
12812
12017
12018
12019
12021
12026
12028
12029
12030
12032
12266
12267
12268
11965
12157
12160
12161
12163
12166
11944
11948
11949
11928
11744
11912
11914
13065
13066
11569
11572
11573
12939
12940
12946
13021
13087
11549
11550
11551
11552
11553
11440
11441
11445
11446
11449
11450
11451
11624
11626
11629
13575
13577
11456
11459
11463
11593
11597
11599
11601
11538
11543
11421
13182
13185
13450
13466
13337
13009
17233
17235
17240
17314
16765
16766
17370
16226
16228
17599
17602
17469
17470
16578
16581
16582
17658
16436
16440
17273
17275
17699
17702
17703
17704
17836
17209
17214
16774
17377
16643
16644
16646
16647
16946
16947
17460
17610
16316
16325
16329
16333
16334
17386
17014
17018
17837
17715
17895
17896
17898
17901
17127
17361
16561
17027
16979
16981
16982
16889
16890
16894
16895
16520
16521
16523
16528
17582
17583
17557
16288
16289
16290
16292
16294
16296
16585
16590
16591
16592
16595
17447
16063
16598
17664
16065
16147
16150
16154
16157
16378
16380
16383
16672
16674
16258
16259
16340
16346
16350
18075
18081
17964
17830
34564
34484
34070
34071
35049
34389
34931
34932
34407
34409
34410
34414
34418
35616
35618
35521
35522
35523
35524
35526
35528
35390
35609
35611
34793
34495
34499
34223
34225
34226
34227
34891
34276
34677
34679
34681
34683
34231
34232
34234
34531
35844
35356
35817
35589
35279
35284
35221
35223
34192
34193
34195
34196
34197
34198
34455
34516
34065
34148
34149
34153
34154
34216
34735
34278
34240
34779
34780
34781
34782
34856
34858
34860
34861
34862
34866
34868
34017
34018
34423
34428
34434
34421
34155
34158
34754
35488
35491
34580
35457
35502
35503
35507
35318
35439
35441
35442
35444
35820
35821
35824
35622
35653
35656
1450
1451
1571
1537
1540
782
784
789
1604
1605
2221
2223
2201
2290
2277
2279
2281
2371
8455
8459
8504
8526
8527
8461
8462
8416
8423
8425
8429
8314
8316
8398
8401
8402
8403
8406
8408
8409
8410
8740
8741
8723
8724
8835
8836
8785
8911
8728
12522
12591
12533
12534
12535
12300
12303
12421
12422
12423
12397
12403
12404
12836
12316
12323
12327
12328
12329
12333
12334
12340
12597
12598
13991
13992
13994
13960
13962
13965
13671
13791
13846
13849
13850
13817
13919
13837
13839
13840
14557
14594
14595
14630
14633
14637
14536
14538
14540
14542
14613
14834
15061
15064
14894
14897
14899
14993
14995
14848
14852
15085
15086
15087
18509
18347
18350
18378
18915
18917
18918
18920
18815
18819
19027
19029
19023
18778
18961
18962
18963
18964
18853
18854
18855
18864
18870
18891
18896
18897
18902
19876
19877
19856
20110
19962
19964
19966
19970
19933
19935
19879
19882
19944
19898
20002
20624
19569
19325
19406
19511
19512
19514
19522
19170
19174
19176
19177
19178
19181
19182
19183
19185
19186
19665
19668
19669
19672
19680
19709
19713
19501
19502
19503
19508
19221
19457
19649
19277
19278
19252
19254
19255
19582
19586
19261
19262
19354
19355
19425
19430
19431
19458
19459
19300
19302
19303
19694
19696
19782
19783
19626
19628
22353
22333
22382
21906
21916
21824
21952
21953
21508
21360
21447
21449
21462
21464
21465
21466
21468
21002
21003
21007
32759
32767
32768
33649
33621
33622
33738
33739
33740
38457
38462
35986
35988
38465
38326
37983
37989
37992
37994
38078
38079
38014
38017
38018
38020
38021
38149
38151
38152
38153
38109
37934
37935
37936
37937
37940
25239
25240
24858
24976
25186
24923
25031
24997
25000
25001
25002
25086
24900
24902
24918
24921
25328
25329
25330
24991
25011
25123
22727
22729
22872
22878
22808
22848
22868
22871
22833
22834
22836
22838
22786
22755
23345
23442
23423
23424
23427
23365
22547
23803
23827
23674
23676
23678
23679
23815
23737
23653
23664
24050
24164
24083
24147
24148
24149
24066
24067
24070
24073
24090
24224
26578
26580
26582
26543
26451
27543
27546
27220
27273
27439
27441
27442
27175
27178
27185
27099
27100
27101
27121
27275
27276
27456
27457
27300
27301
27446
27448
27449
27258
27261
31732
32021
31684
31687
31653
32061
32065
32002
31741
31743
31508
31405
31410
31124
31126
31129
31133
31417
31420
31423
31610
31538
31579
31581
31583
31512
41058
41156
41161
41206
41031
41210
41211
41215
41001
41126
41021
41024
39939
39955
39976
39915
39916
39938
38718
38719
38728
38887
38794
38800
38693
38695
38753
38904
38930
40136
40140
40512
40517
40518
40520
40522
40188
40192
40424
40427
40429
40253
40255
40260
40141
40486
40526
40311
40312
40382
40383
40386
40278
40281
40282
40284
40493
40124
40125
40225
47266
47268
47060
47222
47224
47225
47249
47229
47118
47063
47170
43100
43101
43102
43104
42841
42844
42847
42969
42972
42980
43053
43020
43025
43110
43113
43117
42998
43000
42941
42942
42926
42929
42990
42992
42995
42951
42953
47449
47588
47592
47402
47380
48443
47530
47426
47618
47621
47623
47624
47604
47606
47609
47611
47612
47614
47615
47949
47952
47954
48032
48033
48034
48196
48197
48199
48334
48081
48082
48087
48068
48070
47994
47995
47996
47998
48115
48116
48050
48052
48053
48054
48055
48039
2127
2140
2141
2143
2128
2130
2131
2132
2169
2153
2154
2464
2469
2470
2435
2437
2317
2322
2337
2307
2311
2340
2341
8229
8219
8114
8115
7907
9097
9098
9114
9152
9359
9317
9318
9321
8953
8957
8960
8942
8944
8945
8946
8948
8961
8963
8965
8966
9230
9231
9233
9237
9238
9157
9243
9244
23214
14166
23219
13626
13633
13608
13609
13635
13638
13617
14380
14400
14401
14348
14350
14443
14480
14481
14417
14314
14316
14319
14323
14324
14330
14331
14424
14740
14742
14750
14717
14721
14723
14724
15464
15466
15469
15470
15671
15487
15491
15970
15956
15908
15935
15936
15621
15628
15641
15644
15647
21334
18311
18314
18318
18331
18332
20539
20525
20526
20529
20530
20253
20256
20257
20261
20295
20299
20301
20307
19130
19076
19059
19061
19062
20143
20714
20716
20718
20800
20805
20775
18553
18554
18556
18557
18559
18561
18577
18578
18683
18685
18686
18687
18690
18692
18719
20201
20228
20209
20210
20213
20236
20237
20238
20243
20244
20150
21724
21728
21792
21730
21685
21662
21603
21605
21606
21607
21613
21185
21116
21117
21118
21100
22225
22227
22228
22229
22230
22238
22241
22244
33517
33550
33548
33038
33043
33046
33049
33001
33002
33003
33094
33096
33099
33101
32796
32805
33134
33135
33142
33143
33144
33146
33152
33896
38511
38531
38534
35157
35160
35162
35163
35170
25575
25479
25481
25490
25483
25488
25520
25528
25422
25448
25957
25959
25964
23878
23897
23899
23886
23091
23094
23159
23075
23077
23069
23534
23522
24809
24835
24788
30982
30983
30985
30972
30973
30978
26427
26430
26431
31044
31046
31047
31049
31053
31054
31055
31056
31070
31061
31072
31074
31076
26938
26461
26495
27036
27018
27019
27058
26605
26608
26611
26613
26614
26615
26618
26633
26635
27920
27922
27924
27928
27929
27936
27940
27982
32541
32543
32544
32548
32582
32583
32585
32587
32564
32567
32594
32596
32570
32576
32369
32400
26363
26399
26350
31870
31875
31847
31854
31801
31803
31805
31863
32251
32253
32260
32261
28067
28070
28085
28088
28089
28090
28011
28094
39619
39622
39640
39645
39584
40072
40076
40079
40085
39182
39255
39259
39143
39169
39174
39082
39036
39047
39048
39051
39053
39057
39022
39027
40777
40776
46400
46402
46505
46395
46396
46397
47144
47145
47146
47150
47154
45706
45707
46787
46779
46783
46791
46817
46818
46821
47875
47889
47892
47893
47832
48459
48467
48485
48487
48495
48295
48299
48350
48282
48302
48306
38557
38559
38560
38564
38566
38567
38596
38597
38606
38607
38608
38610
38618
38225
38228
38271
38289
38294
38295
38297
38299
38249
38251
38254
38255
38256
38257
38258
38260
40818
40821
40825
40836
40800
40684
40689
40664
40617
40620
40622
40610
46836
46845
46847
44810
44667
44670
44708
44711
44877
44822
44795
44797
2032
2039
2040
8563
8657
8173
9367
9397
9403
14028
15162
15287
15116
15117
15144
18158
18615
18637
22019
22008
21247
22114
22157
33290
33294
33295
33313
33304
32831
32837
32844
32846
32851
33756
33807
33819
33822
33824
33833
26048
26069
25875
25827
23598
23652
23197
23206
24723
24727
24750
24752
24690
26721
26685
27173
27155
27969
27971
27976
27950
27996
28000
32479
32485
32487
32493
31930
31937
31931
31932
31936
32223
39423
39431
39391
39393
39394
39436
39294
39312
39338
39343
39346
39323
40589
40583
40600
40606
3736
3766
7945
7950
3446
3449
3455
2858
3298
2883
5064
5005
5018
3706
3708
4788
4789
4792
4793
4795
4773
4779
3044
3045
3049
5842
5843
5847
5848
5849
5850
5851
5794
5796
5801
6012
5920
5921
5923
6710
6711
6579
6696
6698
6699
6700
6702
7298
7318
7322
5554
5461
5462
5467
7196
7199
7200
6458
7109
7110
7112
6460
6461
7507
7512
6244
3780
2736
2743
7973
3203
3207
3209
3162
3163
3167
3169
3301
3753
4946
3721
3724
3811
3813
3814
3815
4802
4803
4827
4828
3750
3089
3090
3091
5999
6001
6007
6008
7995
6728
6784
6786
6645
7223
7226
6420
6422
6423
6425
7328
7330
7331
7332
5433
5535
5537
5538
5541
5542
5543
5546
5330
5335
5336
5337
5338
5339
5250
6387
6389
6316
6318
7007
7008
7187
7189
6464
6983
6920
6989
6990
6995
6996
6952
6953
7710
7388
7390
7855
7856
7857
7858
7861
7863
7434
6112
6115
6124
3770
2721
2727
2728
2649
2652
2653
2655
2670
2673
2675
2676
2677
2429
2699
2704
2707
2571
2572
2580
3399
3362
3367
3369
3390
3392
3395
3473
3474
3475
3479
3480
3481
3465
3467
3019
3023
3029
2920
2926
2931
2932
2934
2939
2943
2944
2912
2913
2916
2754
2755
2756
2759
3283
4949
4950
4952
4953
4954
4879
4882
4884
4887
2748
2749
2751
4891
4892
3631
3632
3637
3639
3640
3682
3686
3687
3689
3580
3581
3583
3713
2971
2972
2975
2977
3952
3956
3911
2784
2787
2789
2790
3789
4005
2829
2832
2833
2835
2836
2837
3875
4622
4625
4983
4986
4987
4988
3840
3843
3845
3847
3851
3853
3253
2849
5994
5996
5957
5958
5961
7996
7997
7998
7999
8002
8043
8044
6749
6750
6609
6492
6495
6512
6513
6595
6596
6599
6603
6751
6499
6604
7291
7294
7273
7276
7763
7765
6405
6407
6410
6412
7610
7614
7581
7585
7586
7346
7347
5355
5357
5236
5237
5359
5191
5161
5165
5385
5242
5079
5081
5086
5087
5074
5362
5254
5255
5257
5435
5627
5631
5632
5392
5394
5399
5401
5443
5508
5509
8033
6057
6059
7013
6443
7071
6468
5671
5774
5744
6371
7391
7392
7393
7394
7398
7399
7809
7811
7816
7741
7669
7671
7676
7523
7526
7545
7550
7551
7568
7682
6064
6068
6070
6078
6285
6289
6290
6291
6292
6181
6182
6283
6245
6247
6248
6260
6261
6262
6268
41279
41281
42425
42456
42457
41359
42033
42034
42261
42263
42265
42267
42418
41464
41469
41952
41953
41914
41918
41919
42627
41922
41923
41925
41926
42420
44124
44130
44134
44370
43289
43300
43701
43703
43674
42655
42656
43447
43450
43451
43452
43511
41513
42638
42639
42434
42649
42644
42582
42583
42584
42585
42586
42473
41823
41824
41828
42831
42834
42835
44161
44162
44163
44164
44065
44373
44571
44577
44578
43618
43619
43620
43622
43623
43624
43643
43646
43594
43598
43197
43202
43203
42697
42698
43529
43533
43536
43538
41631
42388
41521
41523
41526
41632
42278
42284
41604
42382
42385
42109
42112
42113
42183
42188
44785
41549
41550
42506
42508
42406
41426
41946
42307
42310
42312
41933
41531
41532
41534
41387
41390
41609
41611
41806
41808
42055
41309
41310
41314
41497
44098
44100
44103
43822
43986
43989
44071
44073
44076
43933
43935
43939
43940
43942
43945
44079
44106
44107
44383
44210
44211
44212
43992
43993
43898
43899
43900
43904
43907
43909
43910
41870
41872
41873
44288
44290
44020
44022
44028
44545
44525
44474
44476
44481
44482
43706
43707
43710
43712
43664
43665
43669
43671
43672
43793
43797
43798
43801
43610
43616
43617
43736
43737
43207
43212
43761
43763
42760
42520
42521
42523
42761
42765
42766
42524
42525
42526
42528
42772
42773
42774
43517
43525
30593
30313
30320
30701
30371
30374
30377
30389
29582
29588
30278
30279
30283
30704
30709
30710
30247
30712
30713
30715
30848
29590
30257
30872
30874
30414
29028
30031
28286
28289
28572
28574
29325
29329
24395
24396
24427
24355
30881
30887
29369
30523
30525
30527
30533
30167
29170
29172
30865
29277
30801
30690
30692
30694
28426
28427
29548
28806
28808
28999
29001
29002
29006
28754
29905
29906
29910
28330
29332
29334
29338
29340
24330
30896
30897
29387
29391
30464
30351
28636
28638
30173
30356
30225
30228
29181
29182
28125
30201
30203
30229
30235
30236
30175
30241
29059
29060
28260
28261
28908
28504
28508
28490
28493
28509
30427
28132
29113
29115
29116
29117
29118
29119
30726
30727
30733
28143
30805
29975
29608
29609
30618
28820
28823
28824
29766
29770
29911
29914
29916
29800
29801
29921
30004
28825
28826
29025
28954
28956
28992
28993
28803
28805
28973
28451
28456
28457
28458
28431
28291
28293
28294
28295
28298
28300
28305
28306
28307
28332
28171
28174
28891
30097
30098
30099
30103
30104
29392
29394
29396
30075
30076
29514
29516
29518
29519
29521
29421
29423
29428
29253
29430
29435
24295
24283
24289
30914
30915
30919
9632
9639
9641
9642
9511
9514
4033
4343
4345
4347
4350
9982
9987
9502
10502
10504
10507
10509
10510
10539
10559
10935
4636
4637
4644
9623
9624
9628
9567
9573
9580
4502
11189
4128
4135
4137
4138
3968
3975
3976
4308
4311
4319
10228
10229
10234
10814
9999
10004
10006
10028
10029
10556
10566
10567
10568
10569
10571
4670
4671
9550
9557
4444
11205
11207
11156
11159
11161
11046
11047
11048
11054
11098
11102
11103
11104
11089
4090
4617
4287
4358
4179
4181
4182
4187
4320
4321
4322
4323
4326
4329
4333
9703
9745
9746
10691
10659
10663
10744
10590
10591
10595
10263
10264
10265
10317
10115
10118
10792
10745
10746
10751
10120
10121
10122
10127
9972
9976
10710
10191
10192
10195
10156
10159
10160
10575
10348
10353
10354
10485
10487
10345
10389
10391
4594
4595
4599
4601
4602
46153
46154
46155
46156
46158
46159
46005
46008
46011
46122
46124
46127
45422
45426
45427
45430
45296
45297
45298
46720
46722
46725
46954
46958
46959
45896
45897
45898
45902
45934
45936
45937
45985
45986
46116
46117
46118
46120
46121
45366
45235
45237
45238
45239
45241
45243
46686
46687
46689
46692
46489
46491
46493
46494
46201
46030
46031
46034
45772
45773
45742
45744
45747
45990
45991
45992
46231
46237
46240
45634
45636
45810
45811
45675
45963
45964
45666
45585
45586
45589
46349
45375
45376
45378
45381
45383
45313
45314
45316
45327
45328
45329
45341
45192
45200
45203
45204
45550
45552
45553
45554
45041
45119
45122
45492
45497
45500
45501
45534
45536
46755
46759
45129
45481
45483
45484
46701
46702
45506
46479
46480
46482
46762
46765
46766
47010
47014
46304
46307
46312
543
964
968
976
1183
1184
866
871
948
1267
1794
1796
263
264
269
275
1358
1359
1361
737
740
490
491
440
441
603
528
888
890
1750
1882
1770
1773
1778
186
684
428
742
743
624
626
629
720
110
112
1341
1342
314
321
324
1027
1029
566
568
1259
1261
1355
1356
618
620
356
358
360
361
365
328
337
1272
1100
1103
1104
1105
1060
1120
1169
1155
1156
1219
1222
916
918
1007
1910
1672
1886
1888
1927
1930
1931
1932
1933
1934
1935
1875
1876
1629
1726
1727
1728
1729
1730
251
384
179
180
181
183
147
153
37586
37401
37403
36497
36501
36502
36507
36509
36510
36172
36174
37550
37551
37554
36193
36194
36195
36364
36367
36370
36356
36282
36285
36288
36289
36290
36735
36741
36746
36747
37686
37690
37663
37665
37667
37110
37113
36054
36055
36059
36376
36377
36675
36676
36677
36629
36806
36812
37555
37556
36129
36941
37804
37806
37808
37694
37133
37134
37389
37330
37332
37335
37474
37476
37485
37147
37148
37149
37438
37654
37655
37723
37591
37209
37212
37213
37543
37545
36999
36691
37098
37101
37102
37104
36323
36324
36325
36344
37263
37265
37267
36519
36522
37340
37343
37344
37003
37007
37008
36976
36526
36530
36531
36535
36536
36537
36086
36087
37123
36176
37095
36929
36902
12738
11307
11310
11375
11377
11379
11380
11381
11382
12219
11843
11847
11849
13070
13073
13074
13077
14114
14116
11359
11360
12084
12104
12105
12106
11776
11781
11782
11784
11787
11788
11790
11791
12880
12882
12998
13189
13190
13385
13471
14085
14094
11339
11344
11348
11668
11670
11671
12716
12717
12718
12682
12685
12690
12691
12694
12695
12068
12289
12290
12291
12294
12045
12048
12049
12255
12257
11978
12221
12086
12087
12088
12090
11939
11861
11933
11934
11936
12901
12902
12903
12905
12906
13296
13351
13353
11582
11583
11630
11632
13307
13310
13013
13003
13005
11387
11388
11392
11494
11495
11496
11602
11606
11609
11527
11528
11530
13194
13198
13202
13204
11423
13475
13477
13330
17865
17869
16746
17430
16471
16908
16909
16913
16915
16659
16661
16662
16664
16665
16263
16265
16180
16184
17653
16678
16117
16122
17916
17043
17046
17048
17770
17946
17107
17110
17114
17217
17219
17223
16750
16751
16752
16922
16923
17321
17092
17095
16304
16307
16385
16712
16713
16715
16426
16428
16429
16430
16433
16434
17277
17280
17034
17180
17824
17923
16805
17134
17138
17139
17140
17141
17142
16564
16565
16988
16925
17592
17595
16950
16951
16272
16275
16278
16279
17695
16601
17510
16696
16397
16399
16402
16132
16135
16140
16142
16369
16374
17288
17290
17291
17292
16959
16098
17813
17815
17820
17821
34437
34440
34443
34447
34535
34540
35066
35068
34365
34366
34893
34895
34898
34904
34286
35039
35743
35729
35625
35632
35534
35535
35541
35472
34208
34209
34213
35114
35019
35020
35021
34250
34690
34394
34397
34025
35362
35365
35366
35367
35333
35337
35339
35436
35301
35302
34303
33994
34570
34464
34639
34640
34641
34643
34645
33997
34300
34301
34302
34556
34998
34999
34603
34604
34561
35002
35005
35010
34289
34294
34295
34253
34776
34777
34086
34092
34044
34046
34031
35744
35749
34742
34743
35495
35499
35500
35404
35376
35256
35258
35320
35323
35647
35271
35272
35273
35651
35652
35144
1531
1517
1486
1561
2350
2353
2354
2211
2212
2196
2238
8489
8492
8533
8535
8388
8389
8362
8440
8445
8302
8258
8260
8266
8267
8901
8768
8775
8874
8731
8734
8842
8844
8846
8745
8749
8750
8859
8863
12385
12547
12349
12351
12353
12433
12438
12440
12506
12619
12461
11899
12451
12453
12567
12570
13749
13753
13724
13984
13760
13762
13854
13859
13941
13945
13734
13804
13865
13872
14704
14708
14709
14544
15077
14844
14968
14972
15016
15020
14976
14981
14982
14910
18356
18357
18362
18363
18369
18504
18507
18517
18475
19033
18905
18906
18907
18909
18863
19041
20649
20653
20656
20657
18983
20682
20690
19911
20025
20027
19988
19990
19991
19993
19946
19947
19952
20015
20016
20632
20634
20635
19957
19960
19820
19821
19825
19828
20074
19720
19398
19399
19410
19437
19438
19444
19445
19446
19335
19190
19193
19533
19231
19463
19148
19760
19638
19644
19775
19778
22394
22397
22403
22404
22405
22407
24624
24631
22306
22307
21913
21367
21368
21350
21351
21532
21494
20844
20942
32687
32699
32702
32706
33703
33663
33666
38470
38473
38335
38336
38337
38357
38412
38375
38380
38381
38056
38057
38062
37964
37998
38000
38001
38114
38115
38118
37968
37969
37973
37979
37980
37982
25243
25248
25253
25308
25310
25277
25279
25280
25281
25282
25182
24994
24875
24880
25270
24852
24854
25296
24908
24910
24891
24895
25076
25080
25081
25082
25083
25104
22893
22733
22737
22739
22899
22900
22904
23373
23311
23439
23266
23267
23268
23269
23270
23273
23767
23777
23681
23741
23743
23734
23786
23725
24108
24183
24229
24161
24042
24190
24191
24236
26549
26572
27507
27455
27490
27224
27225
27226
27228
27313
27314
27322
27574
27577
27460
27464
27465
27549
27550
27553
27559
27117
27380
27091
32042
32043
32045
32047
31721
32068
32069
31738
32085
32088
32089
32090
32079
32081
31768
31710
31475
31477
31589
31153
31616
31086
31089
31093
31094
31638
31643
31552
31574
31544
31575
41063
41069
41087
41089
41092
41094
41096
41097
41035
41036
41039
41041
41132
41196
38910
38914
38923
38653
38655
38896
38623
38625
38627
38630
38945
38948
38685
38976
38869
38874
38876
38824
38829
40406
40471
40478
40308
40454
40354
40463
40469
40164
40166
40169
40173
40356
40360
40178
40179
40370
40288
40289
40321
47185
47187
47193
47194
47196
47291
47293
47294
47201
47127
47129
47107
42932
42933
43153
43164
43165
43167
42850
43007
43008
43010
43180
42912
42985
43130
43045
43047
43049
47694
47696
47518
47519
48425
47442
47709
47715
48408
48136
48137
48093
48188
48193
47971
47976
47958
47961
48022
48029
48072
47956
48063
48066
48371
47985
48232
1946
23
26
2387
2369
8621
8634
8182
8184
8203
8204
8209
8127
7915
9652
9261
9285
9167
9168
9170
9171
9173
9099
9100
9101
9110
9115
9116
9121
9123
11266
11257
11250
11251
11254
11255
14125
14144
22566
14064
13645
13647
13648
13654
15169
15177
15185
15234
15235
15192
15338
15377
15380
14333
14515
14452
14456
14530
14531
15476
15480
15674
15717
15831
15832
15833
15835
15856
15858
15800
15803
15825
15757
18102
18046
18047
18078
18006
16048
16054
16055
17996
20543
20545
20546
20491
20493
20473
20340
20342
20347
20372
20373
20381
20385
20386
20387
18822
18436
18437
18440
18399
18804
18808
20713
20790
20791
20794
20435
20444
20415
20416
18662
18663
18666
19095
19096
19088
22424
22441
22450
22435
22438
22467
21750
21806
21397
21398
22577
21021
21040
21067
21068
21301
21302
21305
21281
21269
21270
21276
22163
22167
22089
22093
22078
22084
33456
33465
33466
33365
33387
33395
33400
33433
33103
33104
33079
33080
33087
32964
32918
32939
32941
32998
33860
33867
35942
35974
35976
36001
36040
36050
35992
35892
35894
35880
25924
25925
25929
25908
25912
25152
25154
24958
24961
25606
25647
25652
25653
25757
25758
25847
25889
25891
25892
25818
25819
23496
23501
23451
23453
23458
23461
23516
23517
23507
23510
23513
23132
23135
23150
23165
23054
23056
23059
22916
22920
22923
22926
23946
23947
23948
23920
24456
24457
24542
24543
24544
24574
24576
24581
24584
24528
24530
24534
30960
30929
30933
30949
30953
31219
31279
31220
31224
27083
27087
27088
26990
27067
27071
27076
26774
26858
27840
27862
27864
27885
27886
27888
27892
27893
27854
32386
32389
32393
32440
32441
32425
32426
32431
26194
26195
26156
26157
26158
26096
26210
26211
26212
26215
26248
26253
31903
31942
32114
32116
32134
32141
32142
32153
32156
32160
32162
32165
32166
39519
39521
39533
41267
41226
41228
41230
41232
39809
39816
39687
39744
39704
39705
40021
40027
40031
40005
39790
39983
39986
39993
39995
39151
39154
39193
39195
39198
39128
39202
39227
38814
38821
39103
39086
39088
39089
47353
47356
47344
47342
44620
44622
44612
44616
44730
44731
46848
47837
47757
47767
47778
48640
48582
48588
48507
48571
48516
48525
38202
38185
38186
40879
40880
40858
40702
40703
40704
43228
43231
43232
43235
43306
43307
43309
43311
43314
43217
43319
44939
44940
44985
44834
44790
2092
2094
2097
8374
9033
13499
13506
13513
13517
13422
13423
14774
14794
14763
15458
15460
18232
18233
18235
18251
18259
18260
18261
22608
22590
21874
21878
21885
21147
21161
21163
22254
22257
22259
22251
22302
22272
33347
33376
33189
33203
33208
33955
33956
33960
33962
37859
37895
37898
37833
25702
26005
26009
25995
22948
22968
22971
24021
24741
24763
31328
26904
26806
26797
27731
27754
27759
27800
27782
27813
27814
27709
27666
26269
26285
31812
31789
32297
32305
32314
39462
39465
40908
40910
40917
47628
2698
3497
3498
3186
2955
2958
2959
3124
3125
3136
3137
4940
4942
4574
4575
4576
4577
4578
4581
4582
2896
2900
2901
2904
3999
2839
3244
3245
3246
3248
5815
5816
5986
5990
6010
8048
8055
8056
6845
6846
6848
6546
6548
6554
6555
6557
6558
6559
6560
6561
6851
6859
6826
6829
6830
6831
6832
6835
7243
7246
7248
7250
7783
7784
7786
5477
5479
5483
5484
5119
5120
5126
5129
5133
7159
7162
7163
7165
7168
7353
7355
7357
6893
6471
6473
6475
6975
6978
6982
5696
5697
5698
7821
7825
6147
6151
6153
2550
7958
7959
7960
7961
7962
3435
3437
3439
2860
2861
2863
3194
3196
3199
2872
2873
2760
2765
5020
5021
5023
5024
5039
3642
3644
4758
2840
2854
2855
5909
5874
5875
5880
5884
5864
5868
5869
8090
8091
8095
6664
6522
6524
6525
7340
7341
7342
7790
5209
5210
5212
5214
5222
5225
5226
5228
6302
6319
6321
6324
7148
6963
6964
6965
6966
6924
6928
6930
6931
6932
5756
5757
6367
6368
6369
6370
7871
7847
6157
6161
5030
5031
5034
5035
2693
2730
2733
2618
2709
2529
7979
7983
3572
3573
3375
3376
3379
3380
3564
3565
3567
3461
3462
3464
3383
3387
3486
3487
3488
2864
2867
3227
3228
3078
3079
3081
2782
2802
3285
3287
3289
3291
3293
3300
4976
4977
4978
4920
4921
4922
4923
4925
4927
4895
4896
3584
3585
3587
3589
3591
3594
3692
3693
3695
3602
3604
3606
4769
4771
3820
3821
3904
3932
3933
3937
3827
3830
3836
3837
4549
4785
4816
4817
4818
4822
3408
3413
4858
3879
3855
3856
3860
3802
3803
3805
3959
3056
3058
3059
3060
3051
3052
3055
5933
5934
5936
5937
5939
5928
8020
8025
6615
6873
6874
6875
6882
6668
6673
6677
6754
6755
6756
6838
6679
6684
6414
7345
7363
7364
7366
7368
6429
6430
7343
7259
7261
7251
7281
7284
7287
7289
7371
7372
7348
7349
5267
5270
5518
5520
5637
5260
5264
5166
5169
5619
5136
5138
5140
5141
5143
5145
5410
5367
5419
8015
8018
8010
8012
6921
6922
7058
7062
7063
7066
7170
7171
7176
6479
6480
6481
6485
6486
6958
7180
5702
5703
5778
5779
5781
5782
5783
5786
6356
6360
6391
6392
6298
6299
6349
6353
7529
7530
7532
7535
7536
7515
7516
7385
7649
7451
7452
7454
7455
7458
7717
7718
7719
7720
7726
7479
7480
7484
7729
7734
6141
6145
6146
6186
6188
6190
6192
6194
6014
6015
6016
6017
6252
6254
8097
8098
41298
42477
41304
41305
41307
41395
41396
42043
42045
44758
44759
41887
41890
42825
41711
41714
41715
41717
41893
44136
44138
44181
44185
44186
44188
44189
44192
44194
44196
44197
44198
44416
44418
44420
43690
43693
43361
43363
43717
43718
43719
43720
43407
43408
42326
42117
42118
42028
42030
42271
42272
42275
42300
42301
42302
42323
42324
42407
42408
41397
41769
41772
41779
41784
42738
41723
44513
44516
44517
44303
44306
44307
44003
44006
44008
44056
42358
42359
42361
43375
44388
44391
43550
43551
43553
43554
43555
43556
42482
42487
42684
42686
43467
43468
41727
41732
41734
41735
41937
41940
42093
42094
41634
42058
42061
42063
41786
41787
41788
41969
41970
41504
41506
42724
42648
44746
44750
44752
42317
42320
42321
42333
42195
42198
42003
42746
42750
42753
42755
41287
44734
42035
42040
42728
42729
42199
42201
42207
42047
42050
44240
43844
43845
44295
44302
43911
43914
43917
43920
43831
43834
41864
41866
44036
44040
44042
44043
44061
44062
44245
44051
44052
44054
44055
43969
43970
43926
43928
44248
44249
44254
44256
41834
44579
44582
44583
42380
44562
44587
44488
44489
44492
44493
43205
43571
43573
43808
42611
42614
43420
42660
42666
43485
42569
42573
43399
29827
30446
30447
30451
30454
30456
30166
30362
30363
30327
30329
29272
30876
30877
29286
30379
29313
29315
29317
29322
30815
30619
31303
30622
30623
30625
28517
28519
28520
28521
28525
28915
28919
30055
30057
30062
30063
29781
28337
28339
28341
28577
31000
30178
30649
30650
30651
28225
28226
29615
29620
29064
28608
28938
28923
28927
28929
29068
30544
30466
30736
30740
29033
29035
29038
29041
29867
29871
29874
29008
29010
29013
29809
29810
29813
28769
29963
28392
28394
28399
29230
29233
29235
29238
24304
24308
30209
28641
30597
30599
30600
30180
28461
28464
30242
30243
30586
30816
29626
29149
29151
28695
30823
28232
28233
29085
29091
29092
28148
28150
28151
28153
29637
28536
28542
29216
29217
30259
30629
30630
30582
29602
29603
29120
29121
29122
29124
29125
29073
29074
29126
29128
28428
28429
28262
28267
29824
28705
28706
29926
29895
29896
29898
29899
29900
29901
28784
28785
28673
28676
28789
28794
29493
28837
28838
28852
29791
29792
29793
29965
28199
28200
28202
28436
28439
28499
28334
28405
28411
29688
29693
29698
29699
29704
30079
30081
30082
30083
30084
30085
29527
29528
29531
29712
29714
29716
29718
29719
24340
24342
30920
30925
9592
9595
4520
11057
11058
4196
4201
10270
10306
10307
10308
9841
9849
9850
10445
10452
10454
10456
10458
10333
10491
10492
10494
10496
10501
10433
10950
10958
10959
10961
4630
4631
9466
9472
11212
11282
11283
11284
4464
4465
4006
4100
4101
10250
9795
9797
10816
10818
10820
10822
10278
10282
10216
10219
10222
10225
10380
10474
10356
10358
10972
10973
10975
9420
9424
9480
9481
9448
4435
4436
4438
11241
11243
11244
11218
11224
11000
11007
4261
4263
4267
4268
4289
4290
4294
4060
3979
3983
4386
4388
4389
4335
4336
10273
10275
10276
10277
9805
9808
9712
9715
9751
9756
9838
9734
9737
10629
10671
10672
10673
10674
10632
10640
10612
10616
10058
10059
10143
10145
10922
10924
10928
10929
10886
10887
10802
9900
9912
9916
9921
10336
10337
10383
10384
10375
10431
10432
10943
10949
4699
4567
45566
45567
46262
46264
46265
45952
45463
45465
45471
45004
46616
46621
46529
46534
46973
46974
46978
45783
45784
45786
46131
46133
46136
45457
45542
45544
45546
45547
46604
46605
46606
46715
46718
46561
46623
46626
46971
45970
45721
45723
45724
45726
45727
45728
45730
45731
45945
46191
46193
45819
45823
45824
46058
46061
46037
46038
46042
46043
45599
45600
45603
45607
45609
45861
45864
45866
45671
45590
45592
45593
45594
45595
45628
45631
45633
46300
45361
45474
45350
45352
45433
45436
45397
45210
45211
45213
45214
45216
45218
45221
45174
45177
45178
45180
45184
45046
45047
45557
45051
45056
46592
46593
46594
45513
46441
46442
46446
46630
46632
46635
46451
46454
46456
46461
46708
45268
45269
45270
45275
46731
46734
46735
46711
46939
46941
46950
46358
46361
46363
1411
1412
492
494
1135
876
831
941
944
1839
1680
1415
1419
663
664
1306
1309
1276
1279
1280
1281
1282
769
952
1617
1786
154
156
75
501
502
652
657
661
995
406
407
312
313
1290
1320
1293
426
130
1121
1326
1330
1047
1066
1214
815
817
820
823
828
796
834
921
922
1755
1851
1639
1641
1645
206
298
37242
37243
37391
37393
37396
37659
36952
36404
36711
36712
36238
36239
36244
36247
36248
37527
37530
37532
37533
37537
37538
36699
36705
37273
37274
37523
36487
36490
36493
36496
36983
36984
37233
37234
37559
37735
37744
37747
37748
37010
37012
37014
37279
37280
37282
37109
37292
36539
37250
37255
37256
36455
36458
36471
36474
36475
36476
36479
36480
36483
36771
36942
37754
37757
37759
37760
37762
37764
37765
37766
37811
37815
37354
37414
37493
37247
37490
37446
37447
37449
37154
37159
37451
37220
37221
37223
37228
37231
36630
37176
37177
37181
37182
36424
37358
37361
37362
36831
36833
36216
36440
36441
36443
36146
36151
37295
37299
37300
37303
37304
37640
36089
37044
37045
37046
37048
37049
37050
37052
37027
37029
37025
37026
36910
36914
12634
12636
11950
11954
11957
11869
11870
11871
11874
13539
13127
13132
11371
11372
11374
12789
12797
12801
11959
11960
11962
12193
12195
11835
11837
13093
12932
13146
13560
13346
12752
11321
11301
11677
11700
12822
12825
11941
11943
12130
12133
12134
12139
12188
12190
12191
11970
12057
11982
11992
11995
11920
11921
11922
11764
11931
11932
11746
11771
11828
11831
13260
13570
13571
13572
13574
13110
13111
13112
13114
13115
11430
11431
11432
11433
11434
11436
11437
11438
11439
12965
12967
12972
11588
13116
13118
13120
13123
13124
13031
13032
13036
12913
12916
12917
12919
12920
12921
12922
12923
12925
13579
13580
13582
13153
13156
13159
13165
13167
13170
11405
11406
11408
11410
13361
13362
13484
13485
16877
16878
17245
17565
17566
17569
16783
16787
16453
16455
16249
16250
17152
17155
16699
16701
16706
17308
16104
18061
16815
16816
16478
16481
16485
16487
16491
17413
17419
17174
17175
17177
17162
17164
17514
17341
17345
16441
16404
16406
16408
16410
16411
16412
16413
17189
17192
16127
16129
17846
17849
17794
17080
17081
17083
16827
17117
17119
16932
16630
16631
16989
16990
16991
16995
17332
17459
16687
16689
17099
17104
17150
17536
17537
17544
17518
17522
17524
17525
16076
16079
16080
16082
17546
17551
17554
17555
16606
17753
16158
16163
16167
16351
16354
17394
16740
16741
16742
16743
16745
17267
17270
34922
34923
34943
34944
35072
35031
34263
34267
34960
34962
34964
34354
34355
34360
35668
35671
35672
35514
35519
35591
35289
35292
35295
35297
35298
34572
34576
34653
34655
34076
34884
34876
34693
34694
34270
34720
34721
34723
35382
35857
35858
35861
35862
35314
35664
35796
35211
35212
34474
34637
34125
34084
35074
35075
34966
34591
34592
34596
34952
34762
34766
34887
34133
35422
35426
35371
35501
34846
34847
34850
34853
35691
35698
35582
35325
35329
35446
35612
35568
35461
34661
1439
1443
1528
1554
1199
1544
1592
2283
2284
2287
2357
2361
2365
2263
2226
2185
8539
8543
8454
8530
8494
8495
8325
8342
8346
8296
8253
8793
8794
8882
8707
8711
8713
8829
8832
8833
8834
8716
8681
8683
12573
12575
12576
12665
12412
12416
12430
12720
12723
12612
12376
12377
12378
12607
12608
12609
12406
12409
12483
12489
12355
12356
12360
12669
12527
13978
13746
13747
13704
13705
13709
13781
13737
13738
13745
13826
13829
13834
13809
13810
13900
13902
13903
13905
14690
14693
14680
14683
14581
14853
14862
14932
15091
14866
14867
14869
14870
15008
14907
18479
18488
18494
18497
18531
18535
18954
18956
18936
18944
18991
18993
18996
18972
18975
20658
20661
20663
18967
19002
19007
20693
20695
20698
18829
18832
18772
18776
19899
19900
19903
20620
19870
19844
20040
20045
20047
20051
19891
20036
20638
20099
20102
20103
19734
19561
19370
19371
19390
19392
19285
19758
19267
19269
19272
19275
19236
19238
19379
19418
19488
19489
19739
19744
19607
19609
19610
19612
19616
19618
19620
19526
19597
19599
19297
19161
19163
19166
19168
19169
19359
19361
19797
19812
19759
22350
22363
22316
22318
22327
22328
22331
22332
21936
21939
21967
21897
21537
21423
21523
21524
21482
21484
21486
21488
21430
21432
21435
20881
20884
20943
20945
32735
32726
32684
32763
32764
32780
33595
33598
33609
33730
33716
38389
38391
38393
38430
38431
38329
38331
38334
38440
38344
38347
38037
38038
38041
38042
38043
38044
38046
38047
38092
38096
38100
38082
38084
38087
38072
38128
38129
38130
37923
25297
25298
25300
25198
25200
25204
25209
25211
25439
24863
24864
24866
24868
24869
25224
25113
25114
25274
25285
25326
24985
25141
25146
25003
25007
22865
22816
22705
22740
22742
22744
22745
22909
22910
22913
23353
23473
23370
23402
23486
23704
23705
23764
23832
23834
23715
23835
22544
22545
23852
23744
24244
24205
24207
24210
24077
24078
24081
24082
24095
24141
24142
26561
26591
26592
26594
26469
26473
26475
26503
27424
27431
27368
27528
27243
27331
27335
27277
27278
27288
27357
27473
27404
27493
27495
27306
27311
27257
26711
31726
32094
32095
32096
32097
31658
32100
32101
32103
32074
32033
32034
32036
32039
32040
31566
31567
31571
31098
31099
31104
31386
31392
31156
31157
31161
31162
31164
31165
31450
31452
31626
31630
31631
31632
31607
31382
41175
41112
41166
38706
38937
38938
38664
38665
38666
38838
38841
38842
39124
38701
38715
38880
38883
38639
38995
39001
40149
40151
40105
40432
40433
40436
40157
40158
40160
40272
40273
40202
40207
40263
40265
40266
40268
40374
40375
40377
40378
40379
40380
40303
40330
40332
40333
40334
40228
40229
40231
47282
47234
47275
47142
47143
47084
43123
43125
43126
43128
43064
43066
43067
43068
43069
43033
42939
43171
43174
43089
43091
43092
43093
43040
43041
47410
47414
47418
47702
47525
47527
47597
47599
48436
47459
47390
47391
47392
47394
47396
48449
47967
47968
47970
48150
48151
48152
48405
48119
48121
48122
48123
48109
48113
48079
48080
48095
48133
48047
47989
1977
1991
1993
1955
3
7
15
16
17
2448
2449
2451
2452
2456
2492
2499
2507
8665
8643
8654
8175
8126
8122
8178
8181
7928
7929
7932
7910
7879
9660
9665
9685
9686
9673
9272
9277
9174
9182
9249
9082
9084
22563
14135
13663
15213
15214
15217
15221
15231
15197
15210
15263
15264
15265
15346
15413
15419
15364
14482
14435
14436
14262
14408
14518
14520
14529
15496
15687
15688
15690
15728
15750
15874
15875
15877
15863
15864
15760
15808
15811
15815
15774
18106
18108
18055
18114
18119
18014
18016
18017
18018
18028
17980
17981
17983
17992
18034
18038
18042
20547
20549
20467
20481
20483
20351
20358
20360
20311
20312
20392
18431
18421
18403
20732
20734
20399
20400
20401
20404
20406
20408
20409
18656
18670
18672
18673
18642
19105
19125
19129
19110
19116
22456
22457
22460
22410
22415
22416
21799
21771
21772
21775
21738
21744
22584
21375
21050
21027
21030
21091
21057
21062
21294
21322
21323
21324
21326
22179
22182
22184
22074
22076
33484
33486
33491
33502
33509
33471
33474
33372
33442
33444
33056
33075
33076
33065
33066
33069
32921
32926
32975
32933
32947
32952
32953
33871
33843
33844
33853
33855
35959
35961
35921
35928
35929
36017
36020
36021
36022
36028
36030
36032
36034
25930
25934
25858
25860
25158
25164
25166
24967
24968
24969
24971
24964
24965
25046
25716
25633
25635
25800
25951
25902
25903
23488
23489
23305
23119
23931
24518
24519
24438
24565
24560
30946
30970
31242
26972
27010
27016
27017
26849
27860
27879
27898
27900
27903
27869
27875
32409
32410
32414
32415
32416
32401
32433
32434
32436
26178
26180
26181
26186
26164
26104
26199
26202
26218
26224
32615
32619
31982
31984
31948
31950
32145
32147
32151
32152
39573
39574
39578
41244
41247
41270
41237
39792
39735
39736
39740
39742
39709
39715
40038
40045
39721
39969
39972
39905
39910
39135
39137
39232
39238
39206
39208
39108
39110
39111
39114
39017
39011
39012
47364
47330
47333
44656
44625
44627
44632
44633
44636
44641
44642
44643
44550
44551
44555
46884
46880
46890
46891
47917
47843
47846
47904
47906
47909
47735
48589
48601
48603
48606
48642
48645
48558
48559
48564
48566
48526
48530
48532
48536
48537
38154
40891
40896
40897
40883
40860
40902
40904
40657
40726
40730
40733
40623
40624
40631
40634
43387
43323
43324
43238
43243
43326
43333
43334
43337
44963
44965
44972
44974
44990
44991
44993
44983
44918
44923
44924
44927
44898
44913
44868
44869
44871
44873
44861
2100
2091
8579
9027
14235
13527
14799
14803
14808
15514
15520
15531
15534
18268
18272
18203
22623
22634
22527
21855
21863
21865
21894
21172
33423
33217
33223
33165
33166
33237
33941
33636
33952
37865
37838
37840
25997
25982
25983
22991
22996
22997
23003
23972
24012
24640
24697
31289
31356
26816
26824
27805
27692
27819
32656
32668
32674
26292
26293
26258
26301
26339
32336
39485
39493
39498
39508
39885
39893
40984
40988
40933
47655
47577
